2 1
4 1
4 2
5 3
7 6
8 1
8 2
8 3
8 4
8 5
8 6
8 7
10 9
11 9
11 1
12 9
12 1
13 6
13 7
13 8
13 9
13 1
13 11
13 12
14 13
15 13
16 8
17 13
18 13
19 13
19 17
20 13
20 17
20 19
21 13
22 16
23 8
24 8
24 23
26 4
26 8
26 22
26 25
27 8
28 8
29 26
30 8
31 26
31 29
32 31
33 26
33 29
33 32
34 8
34 3
35 8
35 28
36 8
36 35
37 8
38 8
38 36
38 37
45 4
46 4
46 45
47 4
47 8
47 26
47 29
47 33
47 39
47 42
47 45
48 47
49 47
49 48
50 4
50 45
50 46
53 41
54 45
54 47
55 4
55 45
55 46
55 5
56 47
56 49
58 45
58 47
58 54
58 56
59 45
59 47
59 54
59 56
59 58
60 47
60 49
60 54
60 56
60 58
60 59
61 4
61 45
61 5
61 55
62 4
62 45
62 46
62 5
62 55
62 61
63 45
63 46
63 5
63 55
63 61
63 62
64 59
64 6
65 8
65 39
65 45
65 47
65 48
65 54
65 56
65 58
65 59
65 6
65 64
66 65
67 8
67 41
67 43
67 44
67 45
67 46
67 47
67 5
67 51
67 52
67 53
67 62
67 63
67 65
69 57
70 57
71 57
71 67
71 69
73 69
73 71
74 47
74 65
75 47
75 65
75 74
76 67
77 71
77 73
78 67
79 67
79 78
80 68
82 51
82 53
82 67
82 76
83 45
83 47
83 54
83 58
83 59
83 65
85 81
85 83
86 47
86 83
87 65
87 66
87 75
90 67
90 71
90 73
92 91
94 47
94 67
94 73
94 77
94 9
95 67
95 91
95 92
96 68
96 72
97 83
97 85
98 76
99 67
99 94
100 93
101 8
101 95
104 83
104 97
106 82
107 102
108 65
108 75
109 47
109 67
109 68
109 8
109 91
109 92
109 94
109 95
111 67
111 71
111 1
112 8
112 47
112 65
112 67
112 7
112 71
112 84
112 9
112 91
112 92
112 94
112 95
112 99
112 1
112 101
112 109
112 111
115 103
116 65
116 66
116 74
116 75
116 108
118 8
118 45
118 47
118 51
118 57
118 65
118 67
118 68
118 69
118 7
118 71
118 72
118 73
118 76
118 77
118 78
118 79
118 8
118 81
118 82
118 83
118 84
118 88
118 9
118 91
118 92
118 93
118 94
118 95
118 96
118 99
118 1
118 101
118 102
118 106
118 107
118 109
118 111
118 112
118 114
119 67
119 91
119 92
119 95
119 109
119 112
119 118
120 67
120 102
120 106
120 118
123 47
123 67
123 105
123 112
125 68
125 112
125 118
126 112
126 118
127 118
128 67
128 118
129 101
129 118
130 82
130 118
130 12
131 47
131 67
131 94
131 95
131 109
131 112
131 118
131 119
131 123
131 125
133 67
133 118
133 128
134 118
136 67
136 112
136 118
136 134
137 1
137 112
137 118
137 126
137 127
138 124
139 118
139 135
139 137
140 82
140 106
140 118
140 133
142 39
142 45
142 47
142 65
142 76
142 121
142 128
143 92
143 118
144 8
144 4
144 45
144 46
144 47
144 5
144 53
144 55
144 59
144 62
144 63
144 65
144 67
144 76
144 81
144 82
144 83
144 85
144 86
144 98
144 104
144 109
144 112
144 118
144 133
144 142
145 118
145 13
146 67
146 72
146 8
146 91
146 92
146 94
146 95
146 101
146 109
146 112
146 118
146 119
146 123
146 131
147 47
147 67
147 68
147 72
147 8
147 91
147 92
147 94
147 95
147 96
147 99
147 109
147 112
147 118
147 119
147 123
147 125
147 131
147 143
147 146
148 118
148 13
148 145
149 112
149 118
150 47
150 67
150 91
150 92
150 95
150 109
150 112
150 118
150 119
150 131
150 144
150 146
150 147
151 65
151 66
151 75
151 116
152 47
152 67
152 72
152 8
152 9
152 91
152 92
152 93
152 94
152 95
152 96
152 99
152 1
152 101
152 103
152 109
152 11
152 111
152 112
152 113
152 115
152 117
152 118
152 119
152 123
152 125
152 126
152 127
152 128
152 129
152 131
152 132
152 133
152 136
152 137
152 143
152 146
152 147
152 149
152 15
153 67
153 118
153 131
153 147
154 118
155 118
156 152
157 112
157 118
157 141
157 149
157 152
158 118
158 148
158 152
159 67
159 94
159 109
159 112
159 118
159 123
159 146
159 147
159 15
159 152
160 13
161 67
161 93
161 99
161 1
161 109
161 111
161 112
161 118
161 126
161 137
161 139
161 146
161 147
161 152
161 158
161 159
162 67
162 72
162 8
162 91
162 92
162 94
162 95
162 96
162 101
162 109
162 11
162 112
162 118
162 119
162 125
162 131
162 139
162 143
162 144
162 147
162 15
162 152
162 159
162 161
163 118
163 122
163 123
164 118
164 154
166 41
166 45
166 47
166 5
166 51
166 53
166 62
166 63
166 65
166 67
166 75
166 81
166 82
166 83
166 9
166 94
166 106
166 109
166 112
166 118
166 12
166 123
166 128
166 13
166 131
166 133
166 14
166 142
166 144
166 146
166 147
166 148
166 15
166 152
166 153
166 159
166 162
167 67
167 99
167 105
167 109
167 112
167 118
167 123
167 131
167 139
167 146
167 147
167 15
167 152
167 159
167 161
167 162
167 166
168 118
168 144
168 146
168 166
169 47
169 65
169 118
169 144
169 166
170 109
170 112
170 125
170 131
170 143
170 152
171 154
171 155
171 158
172 47
172 67
172 94
172 112
172 118
172 123
172 131
172 133
172 142
172 144
172 146
172 147
172 152
172 162
172 166
172 167
173 118
173 166
174 67
174 89
174 91
174 92
174 95
174 101
174 109
174 112
174 113
174 118
174 119
174 125
174 131
174 132
174 143
174 146
174 147
174 15
174 152
174 159
174 161
174 162
174 166
174 167
174 172
175 166
176 47
176 65
176 67
176 8
176 91
176 92
176 94
176 95
176 99
176 101
176 109
176 112
176 118
176 119
176 126
176 131
176 137
176 144
176 146
176 147
176 15
176 152
176 159
176 162
176 166
176 167
176 172
176 174
177 47
177 67
177 72
177 8
177 91
177 95
177 96
177 109
177 112
177 118
177 119
177 125
177 131
177 139
177 141
177 144
177 146
177 147
177 15
177 152
177 157
177 162
177 166
177 174
179 67
179 91
179 92
179 94
179 95
179 101
179 109
179 112
179 118
179 119
179 123
179 125
179 131
179 146
179 147
179 15
179 152
179 159
179 161
179 162
179 167
179 172
179 176
179 177
181 118
181 144
181 166
182 47
182 67
182 82
182 9
182 92
182 94
182 102
182 105
182 106
182 109
182 112
182 118
182 119
182 12
182 123
182 126
182 128
182 13
182 131
182 133
182 14
182 144
182 145
182 146
182 147
182 148
182 15
182 152
182 154
182 158
182 159
182 16
182 161
182 162
182 163
182 164
182 166
182 167
182 172
182 174
182 176
182 177
182 179
182 18
182 181
183 47
183 65
183 67
183 118
183 138
183 144
183 152
183 166
183 169
184 166
186 118
186 152
187 152
188 181
189 67
189 112
189 118
189 131
189 146
189 152
189 161
189 167
189 176
189 179
189 182
190 177
191 118
191 152
191 161
191 167
191 182
192 118
192 152
192 176
192 182
192 186
192 189
195 182
196 182
197 47
197 65
197 67
197 118
197 144
197 166
197 169
197 183
198 118
198 142
198 152
198 166
198 172
198 182
201 8
201 45
201 47
201 65
201 67
201 74
201 75
201 83
201 94
201 108
201 109
201 112
201 118
201 124
201 131
201 138
201 144
201 147
201 15
201 151
201 152
201 162
201 165
201 166
201 167
201 169
201 172
201 174
201 176
201 177
201 178
201 182
201 183
201 185
201 193
201 197
201 199
202 109
202 112
202 118
202 146
202 147
202 15
202 152
202 162
202 174
202 176
202 177
202 19
203 47
203 65
203 67
203 109
203 112
203 118
203 144
203 153
203 166
203 169
203 182
203 183
203 201
204 118
204 174
204 177
204 192
204 202
205 201
206 166
206 182
206 198
207 182
207 195
209 182
209 206
210 152
211 182
212 109
212 112
212 118
212 131
212 146
212 147
212 15
212 152
212 162
212 174
212 176
212 177
212 182
212 202
213 144
213 166
213 169
213 183
213 197
213 199
213 2
213 201
213 205
214 201
215 152
216 118
216 142
216 144
216 166
216 172
216 182
216 198
217 67
217 94
217 109
217 112
217 118
217 119
217 123
217 126
217 131
217 146
217 147
217 152
217 159
217 162
217 166
217 167
217 172
217 174
217 176
217 179
217 182
217 189
217 192
217 201
217 202
217 212
218 118
218 146
218 147
218 152
218 162
218 174
218 176
218 177
218 179
218 204
218 217
219 47
219 65
219 67
219 94
219 109
219 112
219 118
219 123
219 131
219 133
219 144
219 147
219 15
219 152
219 159
219 162
219 166
219 167
219 169
219 172
219 174
219 176
219 181
219 182
219 183
219 197
219 198
219 201
219 203
219 217
220 182
221 91
221 92
221 95
221 101
221 109
221 112
221 118
221 119
221 125
221 129
221 131
221 143
221 146
221 147
221 149
221 15
221 152
221 157
221 162
221 174
221 176
221 179
221 182
221 194
221 202
221 212
221 217
221 218
222 118
222 152
222 176
222 182
222 192
222 217
224 183
224 201
225 118
225 142
225 144
225 166
225 172
225 182
225 216
226 182
226 22
228 201
229 118
229 142
230 47
230 67
230 91
230 92
230 94
230 95
230 101
230 109
230 112
230 118
230 119
230 125
230 131
230 132
230 139
230 143
230 146
230 147
230 149
230 15
230 152
230 157
230 159
230 161
230 162
230 166
230 167
230 172
230 174
230 176
230 177
230 179
230 182
230 186
230 189
230 19
230 201
230 202
230 204
230 212
230 215
230 217
230 218
230 219
230 221
230 222
230 223
230 227
232 47
232 67
232 94
232 109
232 112
232 118
232 133
232 146
232 147
232 152
232 162
232 166
232 167
232 172
232 176
232 179
232 182
232 189
232 198
232 201
232 216
232 217
232 219
232 222
232 225
232 23
233 67
233 118
233 142
233 144
233 152
233 166
233 176
233 182
233 201
233 219
233 229
234 23
235 218
235 23
236 201
236 228
237 146
237 162
237 221
237 23
238 23
239 176
239 182
239 206
239 216
239 217
239 23
239 232
240 118
240 177
240 217
240 23
240 232
242 166
242 201
242 224
243 162
243 221
243 23
245 47
245 65
245 144
245 166
245 183
245 197
245 201
245 203
245 213
245 219
245 242
246 47
246 65
246 67
246 118
246 144
246 166
246 169
246 182
246 183
246 197
246 201
246 203
246 213
246 219
246 245
248 8
248 47
248 65
248 67
248 83
248 94
248 109
248 112
248 118
248 131
248 144
248 147
248 15
248 152
248 153
248 159
248 161
248 162
248 166
248 167
248 168
248 169
248 172
248 173
248 174
248 176
248 177
248 182
248 183
248 197
248 201
248 203
248 213
248 214
248 217
248 219
248 23
248 232
248 233
248 242
248 244
248 245
249 118
249 147
249 162
249 218
249 221
249 23
250 118
250 144
250 166
250 182
250 197
250 201
250 203
250 219
250 246
250 248
251 166
251 197
251 201
251 203
251 242
252 152
252 162
252 221
252 23
253 47
253 65
253 67
253 112
253 118
253 144
253 166
253 182
253 183
253 197
253 201
253 203
253 213
253 219
253 245
253 246
253 248
254 229
254 233
255 47
255 65
255 67
255 91
255 92
255 94
255 95
255 101
255 109
255 112
255 118
255 119
255 123
255 125
255 127
255 129
255 131
255 132
255 133
255 137
255 144
255 146
255 147
255 149
255 15
255 152
255 157
255 159
255 161
255 162
255 166
255 167
255 172
255 174
255 176
255 177
255 179
255 182
255 184
255 189
255 192
255 201
255 202
255 212
255 215
255 216
255 217
255 218
255 219
255 221
255 222
255 223
255 225
255 23
255 232
255 233
255 234
255 237
255 239
255 24
255 246
255 248
255 249
255 253
256 118
256 152
256 176
256 182
256 189
256 217
256 23
256 232
256 24
256 255
258 47
258 65
258 67
258 94
258 109
258 112
258 118
258 12
258 128
258 13
258 131
258 133
258 144
258 147
258 15
258 152
258 159
258 162
258 166
258 167
258 168
258 169
258 172
258 174
258 176
258 177
258 181
258 182
258 183
258 197
258 198
258 201
258 203
258 208
258 216
258 217
258 219
258 225
258 23
258 231
258 232
258 233
258 245
258 246
258 248
258 25
258 251
258 253
258 255
259 23
259 249
259 255
260 118
260 146
260 147
260 177
260 179
260 221
260 23
260 249
260 255
261 47
261 65
261 67
261 81
261 85
261 94
261 109
261 112
261 118
261 119
261 123
261 128
261 131
261 133
261 142
261 144
261 146
261 147
261 15
261 152
261 153
261 159
261 161
261 162
261 166
261 167
261 168
261 169
261 172
261 173
261 174
261 176
261 177
261 179
261 181
261 182
261 183
261 184
261 189
261 197
261 198
261 201
261 202
261 203
261 206
261 212
261 213
261 216
261 217
261 218
261 219
261 22
261 221
261 222
261 224
261 225
261 226
261 229
261 23
261 232
261 233
261 239
261 24
261 241
261 242
261 245
261 246
261 247
261 248
261 25
261 251
261 253
261 254
261 255
261 256
261 257
261 258
262 216
262 225
262 229
262 233
262 239
262 254
263 47
263 65
263 67
263 94
263 112
263 118
263 144
263 15
263 152
263 166
263 169
263 172
263 176
263 177
263 182
263 183
263 197
263 201
263 203
263 213
263 217
263 219
263 23
263 233
263 245
263 246
263 248
263 25
263 253
263 255
263 258
263 261
264 258
265 255
266 255
266 261
267 255
267 256
267 261
267 266
268 261
269 261
270 261
270 269
271 176
271 217
271 255
271 256
271 261
271 266
271 267
272 23
272 255
272 256
272 266
273 109
273 118
273 123
273 147
273 162
273 174
273 177
273 221
273 23
273 255
273 259
273 26
273 261
274 67
274 118
274 144
274 166
274 182
274 219
274 229
274 233
274 248
274 25
274 258
274 261
275 233
275 261
275 262
276 118
276 166
276 201
276 219
276 233
276 248
276 254
276 255
276 258
276 261
276 262
276 263
276 275
277 261
278 261
279 261
280 261
281 217
281 23
281 255
281 261
281 266
281 267
281 271
282 261
283 217
283 232
283 255
283 261
283 267
283 271
283 272
283 281
284 118
284 146
284 147
284 152
284 162
284 174
284 176
284 182
284 217
284 221
284 23
284 255
284 26
284 261
284 273
285 232
286 217
286 23
286 255
286 261
286 266
286 281
286 284
287 23
287 255
288 118
288 152
288 162
288 166
288 203
288 23
288 232
288 254
288 255
288 258
288 261
288 262
288 275
288 276
289 255
290 261
291 261
292 67
292 112
292 118
292 131
292 144
292 146
292 147
292 15
292 152
292 162
292 166
292 167
292 174
292 176
292 177
292 179
292 182
292 201
292 217
292 23
292 232
292 248
292 255
292 256
292 261
292 262
293 47
293 65
293 67
293 109
293 112
293 118
293 131
293 133
293 142
293 144
293 146
293 147
293 152
293 153
293 159
293 162
293 166
293 167
293 172
293 174
293 177
293 179
293 182
293 183
293 184
293 201
293 203
293 216
293 217
293 219
293 225
293 23
293 233
293 246
293 248
293 253
293 255
293 258
293 261
293 262
293 263
293 274
293 276
293 281
293 283
293 284
293 286
293 288
293 29
293 292
294 261
295 23
295 255
296 67
296 112
296 118
296 123
296 15
296 166
296 176
296 182
296 216
296 217
296 225
296 232
296 233
296 255
296 256
296 258
296 261
296 262
296 275
296 276
296 288
296 292
296 293
297 118
297 144
297 152
297 166
297 182
297 217
297 219
297 23
297 232
297 255
297 258
297 261
297 262
297 276
297 288
297 292
297 293
297 296
298 147
298 221
298 23
298 255
298 284
299 67
299 92
299 94
299 95
299 109
299 112
299 118
299 119
299 123
299 125
299 131
299 143
299 144
299 146
299 147
299 15
299 152
299 159
299 161
299 162
299 166
299 167
299 172
299 174
299 176
299 177
299 179
299 182
299 201
299 217
299 218
299 219
299 221
299 23
299 232
299 248
299 255
299 256
299 258
299 261
299 273
299 284
299 286
299 287
299 292
299 293
299 298
300 147
300 221
300 23
300 255
300 284
300 298
301 67
301 94
301 109
301 112
301 118
301 119
301 123
301 131
301 146
301 147
301 15
301 152
301 159
301 161
301 162
301 166
301 167
301 174
301 176
301 177
301 179
301 182
301 217
301 219
301 221
301 23
301 232
301 248
301 255
301 261
301 286
301 287
301 292
301 293
301 299
301 3
302 123
302 167
303 261
303 293
303 296
304 261
305 112
305 118
305 131
305 146
305 147
305 152
305 162
305 174
305 176
305 182
305 221
305 23
305 255
305 261
305 293
305 299
305 301
306 109
306 112
306 118
306 119
306 131
306 143
306 146
306 147
306 15
306 152
306 162
306 174
306 176
306 179
306 182
306 217
306 221
306 23
306 255
306 261
306 284
306 293
306 299
306 301
307 67
307 109
307 112
307 118
307 123
307 131
307 146
307 147
307 152
307 162
307 167
307 174
307 176
307 179
307 182
307 217
307 221
307 23
307 232
307 255
307 261
307 293
307 299
307 3
307 301
307 305
307 306
308 261
308 288
308 293
308 296
308 297
309 261
309 293
310 67
310 94
310 109
310 112
310 118
310 119
310 123
310 131
310 143
310 146
310 147
310 15
310 152
310 162
310 167
310 174
310 176
310 177
310 179
310 182
310 217
310 221
310 23
310 232
310 255
310 261
310 292
310 293
310 299
310 301
310 302
310 306
310 307
311 47
311 67
311 94
311 109
311 112
311 118
311 119
311 131
311 143
311 146
311 147
311 15
311 152
311 162
311 166
311 167
311 174
311 176
311 177
311 179
311 182
311 201
311 203
311 217
311 221
311 23
311 232
311 248
311 255
311 261
311 263
311 284
311 287
311 292
311 293
311 296
311 299
311 301
311 305
311 306
311 307
311 31
313 8
313 47
313 67
313 118
313 166
313 182
313 201
313 219
313 246
313 248
313 255
313 258
313 261
313 263
313 312
314 313
315 313
316 47
316 201
316 248
316 312
316 313
316 314
316 315
317 313
317 314
317 315
317 316
318 201
318 248
318 312
318 313
318 316
319 313
319 316
319 318
320 147
320 15
320 311
321 109
321 118
321 119
321 147
321 15
321 162
321 174
321 177
321 182
321 217
321 221
321 23
321 255
321 261
321 299
321 301
321 311
322 147
322 15
322 221
322 255
322 273
322 299
322 311
322 321
323 321
324 147
324 15
324 311
324 32
324 321
325 147
325 15
325 221
325 273
325 299
325 311
325 321
325 322
326 313
328 327
329 313
329 327
329 328
330 327
330 329
331 248
331 313
332 327
