1 0
2 0
2 1
7 0
17 0
3 0
20 0
0 19
24 0
26 0
29 0
11 0
40 0
51 0
50 0
36 0
0 34
67 0
70 0
65 0
69 0
66 0
73 0
88 0
1 7
24 1
1 67
1 73
1 29
1 70
1 66
1 80
1 88
48 1
1 97
1 99
102 1
1 104
1 94
1 95
96 1
2 94
2 93
2 99
2 98
2 97
2 73
102 2
2 104
2 70
2 24
4 3
5 6
7 6
3 6
7 3
4 6
8 4
8 6
4 9
9 10
4 10
12 11
11 13
12 13
14 3
14 7
14 15
16 3
16 7
16 14
11 4
11 9
4 13
14 13
12 14
3 13
12 3
12 17
17 3
17 13
12 7
7 18
14 18
3 18
12 18
14 17
3 19
20 19
17 19
20 3
20 17
14 21
20 21
3 21
17 21
20 14
20 22
22 3
22 17
20 23
14 23
3 23
17 23
20 24
24 17
7 13
25 11
20 26
20 27
26 27
14 26
26 3
14 27
3 27
20 7
7 23
24 19
26 19
24 3
24 26
26 17
28 29
29 23
21 23
20 29
29 14
29 17
29 21
29 3
28 14
28 17
30 3
20 30
30 27
26 23
20 12
20 18
11 31
11 14
11 3
14 31
3 31
32 3
33 3
3 34
3 35
33 32
32 34
20 32
32 35
33 34
20 33
33 35
20 34
35 34
20 35
36 11
36 31
7 34
32 7
33 7
16 17
25 4
20 16
16 12
7 17
11 37
37 4
25 37
25 9
38 18
20 38
37 14
4 17
8 10
39 38
39 18
20 39
11 17
11 41
11 42
42 41
11 32
11 34
11 33
36 32
36 34
36 33
40 14
40 7
20 40
7 5
20 13
17 43
20 43
44 43
45 43
44 17
17 45
20 44
20 45
44 45
7 46
47 46
47 7
48 46
48 49
48 7
49 46
49 7
24 50
51 24
24 52
20 50
20 51
20 52
51 50
50 17
52 50
51 17
51 52
52 17
36 7
11 7
7 41
36 41
36 14
41 34
14 34
32 41
14 32
14 41
32 17
14 42
53 17
53 49
55 54
4 54
4 55
7 54
7 55
4 7
53 7
20 54
20 55
20 4
20 53
17 54
53 54
17 55
53 55
53 4
53 32
33 56
53 34
17 34
53 11
7 57
20 57
20 11
58 7
20 58
20 36
24 7
24 11
36 24
36 17
36 59
36 60
36 61
59 17
59 60
59 61
60 17
61 17
61 60
40 17
24 40
62 34
63 7
7 64
58 4
20 63
63 32
63 34
36 65
36 3
24 34
66 11
24 65
68 67
69 68
69 67
66 70
51 67
67 50
24 67
24 70
70 67
51 70
67 7
70 7
71 72
66 71
66 72
73 7
73 67
30 73
73 29
24 73
70 71
70 72
73 70
66 7
74 75
74 76
74 67
75 76
75 67
67 76
69 70
70 77
67 77
69 77
69 24
24 77
77 76
75 77
69 76
77 78
69 75
67 78
73 80
70 80
24 81
73 82
24 80
84 83
66 83
66 84
81 70
85 67
86 76
67 82
66 87
87 83
67 34
48 83
48 66
73 88
88 70
24 88
66 88
66 73
48 88
48 24
24 66
48 73
48 70
66 67
88 67
66 89
90 24
24 29
29 67
91 29
91 24
91 73
91 70
90 67
90 29
73 60
92 73
88 60
92 88
92 60
24 60
70 60
67 60
92 24
92 70
92 67
11 67
88 76
92 76
20 66
20 67
93 94
95 93
95 94
96 95
96 93
96 94
96 97
100 95
99 98
97 94
100 101
95 101
96 100
97 99
73 99
97 73
102 73
102 99
102 97
100 103
95 103
73 104
97 104
104 99
73 94
70 94
97 70
95 99
94 105
92 94
24 94
106 94
73 105
92 105
97 105
70 105
24 105
106 105
106 73
92 97
92 106
24 97
106 97
106 70
106 24
96 73
108 100
109 94
110 105
73 95
97 95
110 111
111 107
111 94
109 111
110 107
110 94
109 110
94 107
109 107
70 99
67 99
